3.005235602094241676e-01
3.684678795543932517e-01
3.665978147165459555e-01
3.668492906819053601e-01
3.741520564269521509e-01
4.027715315435001497e-01
4.469313811137134995e-01
4.442603874262321395e-01
4.413022566693658999e-01
4.421433700947371426e-01
4.383806779909370510e-01
4.391935634969626467e-01
4.398749837499520976e-01
4.414356067087871760e-01
4.466878237113954819e-01
4.571203517007830230e-01
4.531930667127223034e-01
4.539339459930357701e-01
4.541444705291953210e-01
4.525391803197896801e-01
4.484352951918971764e-01
4.487036745171252283e-01
4.491600514226811169e-01
4.470908307610782506e-01
4.519165791934255383e-01
4.477452637519253043e-01
4.513161043344705026e-01
4.524699580562884238e-01
4.537206317366844210e-01
4.530848805874843066e-01
4.493451761283857593e-01
4.511846404219376216e-01
4.494980693607576461e-01
4.548183153181389327e-01
4.526622087458281873e-01
4.527634296550805404e-01
4.514542329927644926e-01
4.523055317345504589e-01
4.537738658720176232e-01
4.508432808797035451e-01
4.495508978079255091e-01
4.495295771907916738e-01
4.521321231318866651e-01
4.516658721932736431e-01
4.526830179150208577e-01
4.516162053097587115e-01
4.508677942715849651e-01
4.528216102666932086e-01
4.532377585827263577e-01
4.507103294180753172e-01
4.543366733148600511e-01
4.529005253593540448e-01
4.540608642841192366e-01
4.545351408021011674e-01
4.527293319675934624e-01
4.514134092881326166e-01
4.525135351303899434e-01
4.529503223105836307e-01
4.524321771478699850e-01
4.525958612913720813e-01
4.511102269597280778e-01
4.544051492725308949e-01
4.534378799757977641e-01
4.532464657561915411e-01
4.542796055725452642e-01
4.517163733597060471e-01
4.540884842583404746e-01
4.528228771186629809e-01
4.516210407782230152e-01
4.529052705899758169e-01
4.527782062203818958e-01
4.528208735845776767e-01
4.522369982259705767e-01
4.531285801197972307e-01
4.515076175989740648e-01
4.540935403819775229e-01
4.529239719594795877e-01
4.530838236477078840e-01
4.535141364692445443e-01
4.543904304726211762e-01
4.555102278839234797e-01
4.529822088977707994e-01
4.543020655007161679e-01
4.556583374489613369e-01
4.535675825269575023e-01
4.519372030333119739e-01
4.529121258866266042e-01
4.521106743783267490e-01
4.521059071675369023e-01
4.542626310993213568e-01
4.518526648171287130e-01
4.551893763078982968e-01
4.536983818679833358e-01
4.556610887371297380e-01
4.562682799962984315e-01
4.558625572653608460e-01
4.531438960402486837e-01
4.556281631270850951e-01
4.544332345715292876e-01
4.557781635919968544e-01
4.535861035730303636e-01
4.545622248785912700e-01
4.540827820297471118e-01
4.553091502435057114e-01
4.542213527536382855e-01
4.537751345537792136e-01
4.517483704542137879e-01
4.521433607289494505e-01
4.558645839342481132e-01
4.548675867566934206e-01
4.539561757543510434e-01
4.544296961096107590e-01
4.545342673167785397e-01
4.594418710033300046e-01
4.554698915770780121e-01
4.561770957614803557e-01
4.569130659107821235e-01
4.548447577239850270e-01
4.561626967425051471e-01
4.534739350425447957e-01
4.534940722494738563e-01
4.550994853021060882e-01
4.571726707760060959e-01
4.532073954994405574e-01
4.562952216932217864e-01
4.530601826348085726e-01
4.530375132980129504e-01
4.554499260281056894e-01
4.575503443165986894e-01
4.561770184106914705e-01
4.564054782648093722e-01
4.563195065208636159e-01
4.543247328573024046e-01
4.577435176128369920e-01
4.548493766242044378e-01
4.550315387127986111e-01
4.564499394809610200e-01
4.578770969096751520e-01
4.565306617636141207e-01
4.566677783080906328e-01
4.550167374902116535e-01
4.558455497662768918e-01
4.544380533407116896e-01
4.596201435608026631e-01
4.567024202322794713e-01
4.546179686175385593e-01
4.563885730500529259e-01
4.567669869416792205e-01
4.554132851394052106e-01
4.558588260321279617e-01
4.557672539244168597e-01
4.574822578585899246e-01
4.571939478013403724e-01
4.573867988609464641e-01
4.553436660211773734e-01
4.572693405218921647e-01
4.574603535576607927e-01
4.579873882758634940e-01
4.574646140344119094e-01
4.561586207803113302e-01
4.570617751439567944e-01
4.569837562709208045e-01
4.579283754581994215e-01
4.592568928700616615e-01
4.575329910645957732e-01
4.581609778554172618e-01
4.576611423030752523e-01
4.559614017439376221e-01
4.561182783610869818e-01
4.572474249097023824e-01
4.574262127318827753e-01
4.559684315078258443e-01
4.556666065830910495e-01
4.582822465784666122e-01
4.582434967081208121e-01
4.585622148343013182e-01
4.586050008874865691e-01
4.569632481964207571e-01
4.574083893627915454e-01
4.580720173104818049e-01
4.591616082591818970e-01
4.587823475426441311e-01
4.588510383111584767e-01
4.600699725505424387e-01
4.589408933520697786e-01
4.576317568889895493e-01
4.573341489422180217e-01
4.583134187217798861e-01
4.579582143833956787e-01
4.588366141767754591e-01
4.587698876847757790e-01
4.598048723395921078e-01
4.578955857068024438e-01
4.570002272352631789e-01
4.581749820127090089e-01
4.574616833634932433e-01
4.596125076923622821e-01
4.590125522535902780e-01
4.602207602884226256e-01
4.591487417725321762e-01
4.584613522251251294e-01
4.588340864565588761e-01
4.584579408761021990e-01
4.592264595370230684e-01
4.576553455967641293e-01
4.619320052283444333e-01
4.608692867641067670e-01
4.595334200733123819e-01
4.590672756661842158e-01
4.597576377081933896e-01
4.608859809431732901e-01
4.567138910253266681e-01
4.608623505220570959e-01
4.592719586617189376e-01
4.595163186416047485e-01
4.594221319509536050e-01
4.588475299634999227e-01
4.580421174161246611e-01
4.596690925561774388e-01
4.598258411552060276e-01
4.606768844297074450e-01
4.593178318391663018e-01
4.594297888873917768e-01
4.599641044754559371e-01
4.607722993135445755e-01
4.608660036140504457e-01
4.606361319614588612e-01
4.606047385618811663e-01
4.604443943982188259e-01
4.599841715039617585e-01
4.598261503729144661e-01
4.611787773887810471e-01
4.621415059649997548e-01
4.621863087556040139e-01
4.608909400056305783e-01
4.596950551357625869e-01
4.598447382646090875e-01
4.593558770306965799e-01
4.608446669179940836e-01
4.610605748771171020e-01
4.595531738288048951e-01
4.618226317161617800e-01
4.612700606200051956e-01
4.613928576806789472e-01
4.618044147553289069e-01
4.620755535119769886e-01
4.612941082585017005e-01
4.610631588705580985e-01
4.624070163678403178e-01
4.613748477711143714e-01
4.618171671928542610e-01
4.620490554046295384e-01
4.591930506301553083e-01
4.614838581797279238e-01
4.613884202290398084e-01
4.623896775572119422e-01
4.605704842875166238e-01
4.624283010826698015e-01
4.622842434293662484e-01
4.615096756962076552e-01
4.629618449336686536e-01
4.620987228133146552e-01
4.627146003255303564e-01
4.616910512465012273e-01
4.618431870886275381e-01
4.632551522421288759e-01
4.611667896212779394e-01
4.607256175621302630e-01
4.616298810909643668e-01
4.626526218855467332e-01
4.615756838349835967e-01
4.622470622577896648e-01
4.629763923956494165e-01
4.626251386473319016e-01
4.647711404740048069e-01
4.621776954601162224e-01
4.611325582683727942e-01
4.633130841972162850e-01
4.630089051654808219e-01
4.626423741182203453e-01
4.619514230940220401e-01
4.653345476612569809e-01
4.619145373017274347e-01
4.635467657154834775e-01
4.622412120685367998e-01
4.635291560707955338e-01
4.623692326939120578e-01
4.632835964759669523e-01
4.643206356240391908e-01
4.643072100296541938e-01
4.622756675709974172e-01
4.633937315215073127e-01
4.634744604152508662e-01
4.644850691288738287e-01
4.637510179390562648e-01
4.646985246970768424e-01
4.647236646735657395e-01
4.617899109627523480e-01
4.639450496902662868e-01
4.634970692543763926e-01
