3.005235602094241121e-01
3.005235602094241121e-01
3.235602094240838111e-01
2.984293193717277859e-01
2.565445026178009846e-01
3.068062827225130906e-01
2.678010471204188558e-01
2.835078534031413300e-01
2.596858638743455572e-01
2.654450261780104681e-01
2.505235602094241232e-01
2.416230366492146397e-01
2.437172774869110214e-01
2.219895287958115193e-01
2.269633507853403009e-01
2.363874345549738243e-01
2.272251308900523625e-01
2.277486910994764580e-01
2.219895287958115193e-01
2.243455497382199071e-01
2.120418848167539283e-01
2.130890052356020914e-01
2.047120418848167311e-01
2.102094240837696637e-01
2.167539267015706483e-01
2.123036649214659621e-01
2.167539267015707038e-01
2.104712041884816975e-01
2.086387434554974052e-01
2.052356020942408266e-01
2.000000000000000111e-01
1.979057591623036849e-01
1.989528795811518480e-01
1.952879581151832356e-01
1.913612565445026170e-01
1.897905759162303863e-01
1.850785340314136107e-01
1.814136125654450260e-01
1.821989528795811553e-01
1.761780104712042105e-01
1.730366492146596935e-01
1.740837696335078566e-01
1.727748691099476319e-01
1.701570680628272103e-01
1.730366492146596935e-01
1.685863874345549518e-01
1.709424083769633396e-01
1.691099476439790750e-01
1.712041884816753734e-01
1.641361256544502933e-01
1.581151832460732931e-01
1.617801047120419056e-01
1.612565445026177824e-01
1.596858638743455239e-01
1.549738219895287761e-01
1.541884816753927023e-01
1.492146596858638929e-01
1.481675392670157021e-01
1.452879581151832467e-01
1.460732984293193759e-01
1.408376963350785327e-01
1.484293193717277359e-01
1.431937172774869205e-01
1.397905759162303974e-01
1.426701570680627973e-01
1.437172774869110159e-01
1.434554973821989543e-01
1.439790575916230220e-01
1.340314136125654587e-01
1.356020942408377172e-01
1.290575916230366771e-01
1.316753926701570987e-01
1.185863874345549629e-01
1.277486910994764524e-01
1.183246073298429291e-01
1.267015706806282616e-01
1.183246073298429291e-01
1.170157068062827321e-01
1.133507853403141336e-01
1.151832460732984398e-01
1.180628272251308813e-01
1.212041884816753845e-01
1.143979057591623105e-01
1.154450261780104736e-01
1.073298429319371750e-01
1.151832460732984120e-01
1.143979057591623105e-01
1.146596858638743444e-01
1.078534031413612426e-01
1.057591623036649164e-01
9.895287958115182858e-02
1.013089005235602025e-01
9.633507853403142085e-02
9.869109947643979475e-02
9.267015706806283615e-02
9.554973821989529159e-02
9.240837696335077456e-02
8.848167539267015602e-02
9.031413612565444837e-02
9.502617801047121004e-02
9.136125654450261147e-02
9.188481675392669301e-02
9.005235602094241454e-02
9.214659685863872685e-02
7.774869109947643575e-02
8.638743455497382984e-02
8.062827225130889119e-02
7.905759162303664656e-02
7.539267015706806185e-02
7.329842931937172179e-02
6.780104712041884474e-02
7.565445026178010957e-02
7.486910994764398031e-02
7.486910994764398031e-02
6.989528795811518480e-02
7.015706806282721864e-02
6.596858638743455239e-02
6.858638743455498787e-02
6.282722513089004923e-02
6.570680628272251855e-02
6.780104712041885862e-02
6.073298429319372305e-02
6.230366492146596075e-02
6.020942408376963456e-02
5.942408376963350530e-02
5.968586387434555995e-02
5.654450261780104292e-02
5.183246073298428819e-02
5.104712041884816587e-02
4.712041884816754039e-02
4.633507853403141807e-02
4.633507853403141807e-02
4.921465968586387352e-02
4.869109947643979197e-02
4.685863874345549268e-02
5.130890052356020664e-02
4.528795811518324804e-02
4.973821989528795506e-02
4.240837696335078566e-02
4.319371727748690798e-02
3.952879581151832328e-02
4.188481675392669717e-02
3.952879581151832328e-02
4.057591623036649331e-02
3.769633507853403093e-02
3.769633507853403093e-02
3.769633507853403093e-02
4.057591623036649331e-02
3.376963350785340545e-02
3.246073298429319465e-02
2.853403141361256570e-02
2.958115183246072880e-02
3.350785340314136468e-02
3.141361256544502462e-02
3.403141361256543929e-02
3.481675392670156854e-02
3.324607329842931697e-02
3.376963350785340545e-02
3.062827225130890230e-02
3.115183246073298731e-02
2.984293193717277304e-02
2.696335078534031066e-02
2.722513089005235837e-02
2.356020942408376673e-02
2.670157068062827335e-02
2.408376963350785521e-02
2.696335078534031066e-02
2.643979057591623258e-02
2.434554973821989599e-02
2.382198952879581097e-02
2.722513089005235837e-02
2.382198952879581097e-02
2.198952879581151515e-02
2.277486910994764441e-02
2.513089005235601830e-02
2.513089005235601830e-02
2.277486910994764441e-02
2.198952879581151862e-02
2.329842931937172595e-02
2.356020942408377020e-02
1.989528795811518203e-02
2.068062827225130434e-02
2.251308900523560017e-02
2.460732984293193676e-02
2.486910994764398100e-02
2.408376963350785521e-02
2.434554973821989252e-02
2.434554973821989252e-02
2.198952879581151515e-02
2.225130890052355939e-02
2.225130890052355939e-02
2.068062827225130781e-02
1.937172774869109701e-02
1.884816753926701199e-02
2.094240837696335206e-02
1.858638743455497122e-02
1.989528795811518203e-02
1.989528795811518203e-02
1.910994764397905971e-02
1.963350785340314125e-02
1.858638743455497469e-02
1.806282722513088967e-02
1.963350785340314125e-02
2.015706806282722627e-02
2.041884816753926704e-02
2.041884816753926704e-02
1.910994764397905971e-02
1.780104712041884890e-02
1.858638743455497469e-02
1.884816753926701199e-02
1.884816753926701199e-02
1.780104712041884890e-02
1.780104712041884890e-02
1.753926701570680466e-02
1.910994764397905624e-02
1.753926701570680466e-02
1.753926701570680466e-02
1.753926701570680466e-02
1.832460732984293392e-02
1.858638743455497469e-02
1.858638743455497469e-02
1.858638743455497122e-02
1.884816753926701199e-02
1.884816753926701199e-02
1.989528795811518203e-02
1.832460732984293045e-02
1.753926701570680466e-02
1.701570680628271964e-02
1.701570680628271964e-02
1.753926701570680466e-02
1.727748691099476736e-02
1.623036649214659732e-02
1.727748691099476736e-02
1.701570680628271964e-02
1.806282722513088967e-02
1.753926701570680466e-02
1.675392670157067887e-02
1.701570680628271964e-02
1.780104712041884890e-02
1.675392670157068234e-02
1.701570680628271964e-02
1.727748691099476736e-02
1.701570680628271964e-02
1.727748691099476736e-02
1.727748691099476736e-02
1.649214659685863810e-02
1.727748691099476736e-02
1.675392670157068234e-02
1.701570680628271964e-02
1.675392670157068234e-02
1.701570680628271964e-02
1.675392670157068234e-02
1.701570680628271964e-02
1.701570680628271964e-02
1.727748691099476736e-02
1.727748691099476736e-02
1.649214659685863810e-02
1.675392670157068234e-02
1.649214659685863810e-02
1.675392670157068234e-02
1.649214659685863810e-02
1.727748691099476736e-02
1.701570680628271964e-02
1.727748691099476736e-02
1.701570680628271964e-02
1.701570680628271964e-02
1.623036649214659732e-02
1.675392670157068234e-02
1.727748691099476736e-02
1.675392670157068234e-02
1.675392670157068234e-02
1.727748691099476736e-02
1.675392670157068234e-02
1.727748691099476736e-02
1.727748691099476736e-02
1.675392670157068234e-02
1.675392670157068234e-02
1.675392670157068234e-02
1.675392670157068234e-02
1.649214659685863810e-02
1.675392670157068234e-02
1.701570680628271964e-02
1.675392670157068234e-02
1.701570680628271964e-02
1.780104712041884543e-02
1.701570680628271964e-02
1.675392670157068234e-02
1.701570680628271964e-02
1.727748691099476736e-02
1.649214659685863810e-02
1.701570680628271964e-02
1.727748691099476736e-02
1.675392670157068234e-02
1.701570680628271964e-02
1.675392670157068234e-02
1.701570680628271964e-02
1.675392670157068234e-02
1.701570680628271964e-02
1.675392670157068234e-02
1.675392670157068234e-02
